1769512371248 25.52293067600416 0
1769512380417 9.734810012319814 1
1769512389679 6.271279471853505 2
1769512399520 5.810035548002824 3
1769512408963 5.349381571230681 4
1769512419636 5.079224064039147 5
1769512428996 4.93472724997479 6
1769512438033 4.80136461050614 7
1769512447528 4.67438701754031 8
1769512457331 4.498801349556964 9
1769512467542 4.37968662718068 10
1769512477391 4.291687057329261 11
1769512487317 4.213420451205709 12
1769512496810 4.144909707359646 13
1769512506441 4.109676568404488 14
1769512516325 4.104668542613154 15
1769512526269 4.027661541233892 16
1769512536393 3.9909320416657823 17
1769512546703 3.954493926919025 18
1769512556999 3.934211876081384 19
1769512567677 3.9015455515488333 20
1769512578247 3.839609090141628 21
1769512588724 3.808409657685653 22
1769512598716 3.7606938673102337 23
1769512609380 3.7591243992681087 24
1769512625695 3.671912035734757 25
1769512639166 3.583072175150332 26
1769512652908 3.5857368158257525 27
1769512662956 3.4766866227854853 28
1769512673209 3.4286266368368397 29
1769512683950 3.3816112995147707 30
1769512694208 3.336478840786478 31
1769512704304 3.3006320621656333 32
1769512714395 3.2748255936995796 33
1769512724975 3.226446352834287 34
1769512735098 3.1992722117382546 35
1769512745106 3.19183843239494 36
1769512755329 3.139988553005716 37
1769512765712 3.1393235683441163 38
1769512776241 3.121958232962567 39
1769512786423 3.097340374407561 40
1769512796804 3.0826369078262994 41
1769512807390 3.0417651881342347 42
1769512817717 3.0433283557062563 43
1769512827862 3.030635997523432 44
1769512838699 3.004426989348038 45
1769512848446 2.9842115194901178 46
1769512858067 2.9866567715354586 47
1769512867975 2.966763504691746 48
1769512877851 2.9892588802005933 49
1769512887368 2.970711081960927 50
1769512897285 2.9256492054980736 51
1769512908405 2.9336288327756135 52
1769512921401 2.9081176343171493 53
1769512931754 2.9035309439120085 54
1769512943354 2.8887893199920653 55
1769512953499 2.885930645984152 56
1769512963422 2.8641471593276315 57
1769512972965 2.865159627665644 58
1769512983782 2.89420572778453 59
1769512993552 2.8670657531074855 60
1769513004277 2.8242904061856478 61
1769513014708 2.83187168577443 62
1769513026490 2.815424970958544 63
1769513036642 2.8118924783623735 64
1769513048486 2.932044742418372 65
1769513059432 2.794338371442712 66
1769513069380 2.768966054916382 67
1769513079247 2.764600600367007 68
1769513090130 2.7664566848589027 69
1769513100921 2.7512711317642875 70
1769513111441 2.7633489359980046 71
1769513121220 2.747326539910358 72
1769513132035 2.7396906002708104 73
1769513142993 2.7187082539434018 74
1769513153185 2.728475469091664 75
1769513163171 2.738131232883619 76
1769513172328 2.7008636370949124 77
1769513182983 2.7061924084373143 78
1769513193969 2.6918453797050144 79
1769513205802 2.67943610937699 80
1769513217019 2.6557426266048267 81
1769513226492 2.6651382736537768 82
1769513236767 2.633589781885562 83
1769513247103 2.596958575041398 84
1769513257993 2.6067927194678266 85
1769513268730 2.553742790222168 86
1769513279322 2.5370436564735743 87
1769513289546 2.511838745034259 88
1769513299807 2.5097419946090036 89
1769513311162 2.459640312194824 90
1769513321491 2.433250273828921 91
1769513330956 2.399148248589557 92
1769513341534 2.395536427912505 93
1769513352496 2.3729472782300864 94
1769513362401 2.3544554731120235 95
1769513372802 2.348908967557161 96
1769513384753 2.349897014576456 97
1769513397587 2.436726302685945 98
1769513410010 2.3161708282387776 99
1769513421203 2.3063515746075174 100
1769513432342 2.2852950904680336 101
1769513442464 2.285497534793356 102
1769513453363 2.268607780207758 103
1769513464072 2.2770622346712197 104
1769513475024 2.260424308154894 105
1769513484824 2.259513601012852 106
1769513494571 2.286693792757781 107
1769513504762 2.267351116304812 108
1769513514713 2.2253150473470273 109
1769513525408 2.2300374113995094 110
1769513536112 2.210296321951825 111
1769513546608 2.2052264617836994 112
1769513557298 2.2168916951055113 113
1769513568144 2.2106819360152534 114
1769513579206 2.1965044446613478 115
1769513589587 2.182718887536422 116
1769513599282 2.185966222182564 117
1769513609202 2.1750410639721416 118
1769513618984 2.1540637389473294 119
1769513629382 2.152805361540421 120
1769513639621 2.145438403668611 121
1769513651110 2.1533954236818396 122
1769513662264 2.1306986052057018 123
1769513672988 2.132256597021352 124
1769513683912 2.1178003912386685 125
1769513693615 2.1178723905397496 126
1769513706329 2.101027199496394 127
1769513718502 2.102804254448932 128
1769513731673 2.0959056014600006 129
1769513746414 2.0868891332460486 130
1769513760013 2.0968409600465194 131
1769513772134 2.0763622418693872 132
1769513786739 2.0535889221274335 133
1769513797488 2.06032306836999 134
1769513808683 2.0542882297350014 135
1769513819563 2.0550321807032046 136
1769513830250 2.048592159022456 137
1769513841034 2.0437837186067003 138
1769513853450 2.0289792890134066 139
1769513864795 2.043232013868249 140
1769513880056 2.0300137022267215 141
1769513895731 2.0252482248389203 142
1769513909864 2.00311699639196 143
1769513922130 2.002169506446175 144
1769513934325 1.992266063068224 145
1769513948667 1.9819963413736095 146
1769513961083 1.985052404196366 147
1769513972957 1.9802955223166425 148
1769513984417 1.9880165473274563 149
1769513997717 1.987060318822446 150
1769514016162 1.9705891443335493 151
1769514033891 1.9678478354993074 152
1769514045629 1.971487771946451 153
1769514057496 1.9709928574769393 154
1769514071110 1.94567290181699 155
1769514085334 1.9742037773132324 156
1769514100377 1.9587262412776119 157
1769514117867 1.943648013861283 158
1769514133974 1.9668707546980484 159
1769514153583 1.9335278200066608 160
1769514175490 1.9316962242126465 161
1769514187242 1.9251127533290697 162
1769514203153 1.917566736884739 163
1769514215001 1.9114445810732634 164
1769514227289 1.9068514305612316 165
1769514238932 1.897500773098158 166
1769514250711 1.9080220896264781 167
1769514263038 1.9067840368851372 168
1769514274644 1.8974616620851599 169
1769514287103 1.891786329642586 170
1769514298779 1.8905056331468666 171
1769514310787 1.8743475758511088 172
1769514322455 1.8775342371152794 173
1769514334586 1.8766628721485967 174
1769514346519 1.873986936652142 175
1769514363943 1.8686707071636035 176
1769514387856 1.8571118137110834 177
1769514409802 1.8604746974032857 178
1769514422041 1.8649155678956404 179
1769514434128 1.8526722524477088 180
1769514446955 1.8351039917572685 181
1769514469119 1.843022628452467 182
1769514487527 1.829471210811449 183
1769514502737 1.8922356284183004 184
1769514517522 1.842104260817818 185
1769514530497 1.8236604846042135 186
1769514546610 1.8196780318799226 187
1769514559127 1.830811587623928 188
1769514570912 1.8260247468948365 189
1769514585819 1.7983825051266213 190
1769514597482 1.804756554313328 191
1769514609628 1.8120612507281095 192
1769514623680 1.7967161427373473 193
1769514638443 1.799575692674388 194
1769514655969 1.7955733288889346 195
1769514667626 1.797303521114847 196
1769514679058 1.7902192882869554 197
1769514690524 1.7742088317871094 198
1769514706978 1.7890220942704573 199
1769514724878 1.773859795280125 200
1769514739428 1.7727413457372914 201
1769514753611 1.7646516354187676 202
1769514768975 1.7764055272807246 203
1769514783864 1.7686048777207084 204
1769514799842 1.7656042969745138 205
1769514816293 1.7452114861944448 206
1769514830131 1.7543000127958215 207
1769514843583 1.7649153077084085 208
1769514856291 1.7369112284287163 209
1769514871604 1.7357591152191163 210
1769514889241 1.7304570384647535 211
1769514905518 1.7255828162898188 212
1769514924536 1.729579412418863 213
1769514937769 1.722925497137982 214
1769514953932 1.7259691829266754 215
1769514966198 1.7165257681971011 216
1769514979598 1.707541040752245 217
1769514992493 1.7127988493960837 218
1769515005424 1.705193160927814 219
1769515020188 1.6865485212077265 220
1769515035407 1.7156261558118073 221
1769515051105 1.694284230729808 222
1769515068129 1.6801875228467196 223
1769515081644 1.6855035781860352 224
1769515095627 1.6802336060482523 225
1769515110541 1.6700411952060201 226
1769515123213 1.668619910530422 227
1769515136882 1.6616903854453045 228
1769515150780 1.6611292424409285 229
1769515166085 1.6680530371873274 230
1769515186554 1.6551961453064628 231
1769515199842 1.646764868238698 232
1769515214026 1.6501167131506878 233
1769515230268 1.6591442947802337 234
1769515246444 1.6487470181091972 235
1769515264653 1.6353971087414285 236
1769515287999 1.6318679809570313 237
1769515307245 1.6240629807762477 238
1769515324976 1.627419672841611 239
1769515338934 1.6391950503639552 240
1769515356567 1.6283451899238255 241
1769515369590 1.6163770520168803 242
1769515385542 1.6095164267913156 243
1769515406094 1.605804411224697 244
1769515425977 1.6020518054132875 245
1769515445855 1.6026013332864513 246
1769515459370 1.6061577299366827 247
1769515472209 1.5971556031185647 248
1769515486627 1.5956950052924779 249
1769515499085 1.6408373024152674 250
1769515510012 1.584332391490107 251
1769515520578 1.587769713609115 252
1769515530945 1.576812782494918 253
1769515541693 1.5670419931411743 254
1769515555045 1.5745038312414419 255
1769515578237 1.5742163419723512 256
1769515589225 1.5769087656684544 257
1769515600128 1.563955567194068 258
1769515616513 1.5580165230709573 259
1769515627726 1.5488371475883151 260
1769515639862 1.5433971757474152 261
1769515655846 1.5673349328663038 262
1769515668118 1.5439448615779048 263
1769515678440 1.5391618023747984 264
1769515688768 1.5255110491877018 265
1769515698042 1.5419117056805154 266
1769515707739 1.5303722184637318 267
1769515717283 1.5250974634419316 268
1769515727160 1.5259108014728713 269
1769515737796 1.5270827676938927 270
1769515748571 1.5274910087170808 271
1769515757858 1.5181745384050451 272
1769515770822 1.5242571239886076 273
1769515781774 1.5014606330705726 274
1769515791494 1.50311307285143 275
1769515804765 1.50099618434906 276
1769515818833 1.5065201977024907 277
1769515829369 1.497795930116073 278
1769515841726 1.4866919766301694 279
1769515855637 1.4993651151657104 280
1769515867129 1.4918235426363737 281
1769515879110 1.4906671669172205 282
1769515891627 1.4954691088717917 283
1769515902927 1.4850929954777594 284
1769515915133 1.4819186697835507 285
1769515928095 1.4809869558914848 286
1769515939921 1.4780079665391341 287
1769515951610 1.4719016178794528 288
1769515963831 1.4695173128791477 289
1769515974968 1.4724590882011082 290
1769515987856 1.4721221301866614 291
1769515999345 1.448963184978651 292
1769516010179 1.4539809123329495 293
1769516020978 1.4537302151970242 294
