1769510768396 24.655666765959367 0
1769510778202 8.275625000829281 1
1769510788878 5.740300120478091 2
1769510799362 5.449778784876284 3
1769510809826 5.260690079564633 4
1769510820569 5.109757431693699 5
1769510831608 5.023604451055112 6
1769510841741 4.8975338521211045 7
1769510851690 4.804378217199575 8
1769510861384 4.704093926885854 9
1769510873740 4.5972990367723545 10
1769510885281 4.47554787967516 11
1769510897634 4.437270703523056 12
1769510908394 4.320488776331363 13
1769510918227 4.283270410869433 14
1769510927967 4.197226868505063 15
1769510938538 4.123043452138486 16
1769510949978 4.111009444361148 17
1769510960795 4.036594434406446 18
1769510970877 3.9916820961496104 19
1769510981009 3.9640052214912744 20
1769510990659 3.9587681521540103 21
1769511001373 3.8752538992011027 22
1769511011125 3.8363877441572107 23
1769511021332 3.8266254964082136 24
1769511032004 3.798791375367538 25
1769511042095 3.7724426124406896 26
1769511051704 3.7357037336929984 27
1769511061490 3.7130991562553075 28
1769511071702 3.7074678441752558 29
1769511082223 3.671844074000483 30
1769511092691 3.64926788703255 31
1769511102767 3.6468518381533417 32
1769511112847 3.6462560964667277 33
1769511123216 3.6050110547438914 34
1769511134318 3.5679653457973313 35
1769511144496 3.5253716406614886 36
1769511155890 3.5013396719227665 37
1769511166900 3.450244126112565 38
1769511178037 3.373808761264967 39
1769511189931 3.3033764901368516 40
1769511200922 3.220117000911547 41
1769511213025 3.2114036166149638 42
1769511226136 3.120903330263884 43
1769511238528 3.106752594657566 44
1769511253233 3.0460852415665336 45
1769511265387 3.0422318085380224 46
1769511277602 3.006241504005764 47
1769511291487 2.997569241731063 48
1769511304443 2.9885406535604724 49
1769511322123 2.9574379091677456 50
1769511341739 2.93217481530231 51
1769511355897 2.9150749579719877 52
1769511367345 2.9127463195634924 53
1769511378124 2.90541790879291 54
1769511388645 2.870105453159498 55
1769511400206 2.8642184755076534 56
1769511412157 2.834016891147779 57
1769511423406 2.8187117721723474 58
1769511432924 2.7984337972558064 59
1769511444076 2.796555456907853 60
1769511456027 2.7373604670814844 61
1769511468557 2.7119478225708007 62
1769511479316 2.670787630910459 63
1769511489090 2.628048786909684 64
1769511503067 2.608886778872946 65
1769511517462 2.585167182010153 66
1769511527455 2.5596020885135817 67
1769511537615 2.536501569333284 68
1769511548330 2.5300107085186503 69
1769511558912 2.507873642962912 70
1769511570134 2.4960957008859386 71
1769511580846 2.49109061282614 72
1769511592176 2.459703667267509 73
1769511604105 2.4792440103447957 74
1769511616467 2.4544315296670667 75
1769511626078 2.4245044272878897 76
1769511637388 2.42472243309021 77
1769511647398 2.3978279321090037 78
1769511657930 2.3916118144989014 79
1769511669124 2.385006912894871 80
1769511679698 2.3737880478734557 81
1769511690547 2.353242007545803 82
1769511700884 2.3498313820880394 83
1769511710929 2.3494346846704897 84
1769511722397 2.3365993831468663 85
1769511732844 2.3251628844634347 86
1769511743760 2.327455767341282 87
1769511754334 2.313043793388035 88
1769511764298 2.305179571068805 89
1769511774633 2.292692650919375 90
1769511784519 2.3065504302149233 91
1769511795306 2.2589080312977665 92
1769511805336 2.2663820028305053 93
1769511815562 2.2631103608919227 94
1769511826485 2.2695607993913733 95
1769511836947 2.2403259930403334 96
1769511847427 2.228439246053281 97
1769511859540 2.237542344176251 98
1769511871346 2.220411985853444 99
